33640 39654 145958 194342
56141 42625 430 189519
8050 19518 175 131999
22640 61608 12498 195425
9164 57398 14078 182367
26191 14943 926 127890
26191 14943 92 1278900
54631 39507 193436 198929
31228 44339 130406 193151
60815 56292 13291 155046
63877 84404 25588 93277
27823 78148 1085 198170
59042 57477 13965 193022
9223 1109 10582 183115
20143 40591 105478 164612
695 16582 6175 189063
42511 7853 1342 184731
82853 32809 3818 41289
22778 3072 5468 48238
61468 2214 82119 158164
45742 21860 611 64099
61468 2214 82 1581640
45742 21860 33446 826850
11329 24937 88 150377
1 56910 1164 148848
43358 16727 695 183440
30483 8329 3445 145094
31429 14415 1727 176533
20568 31970 14291 165178
22025 12921 909 165961
57499 80970 1969 194956
21694 5619 416 120152
73559 30505 10841 162060
58669 38129 1609 170819
49954 12931 50 84146
38481 21389 3282 112645
23164 83153 1601 171322
80298 69048 464 117258
11736 31003 44772 114575
40979 50708 134 154224
17969 31925 7078 155048
75965 100 418 141846
333 31520 852 81181
15780 45142 7952 196515
2000 12450 1389 138631
74220 44768 208 122895
8494 26786 3356 73355
24724 22136 182 189683
2930 29830 1054 198589
44331 22626 199 190544
82713 944 551 180404
76018 33612 104 193899
30993 1901 782 129430
45397 35793 189 186673
17755 75890 8664 136348
17755 75890 86 1363489
31396 4178 483 196587
78812 16339 1863 187992
14813 18516 1121 157652
21430 18190 126 155679
3373 37394 168 186528
1340 3597 1875 198167
144673 44078 946 107524
645591 76520 7763 103206
18671 43946 156 161876
37582 15040 74 100765
8432 18265 34 166682
34451 28028 8499 171876
24883 10709 55 188778
2120 4189 1298 184660
22659 74061 1913 195282
16399 83838 6443 69820
74858 70247 1954 194866
50411 61820 498 119705
43550 75660 859 66473
8797 51004 68829 169184
642 4821 184861 193050
41947 70386 66701 168198
57405 5072 39119 64222
31925 30484 332 136515
69613 2560 17161 47580
17391 66084 21 1528480
38119 33757 1444 188933
17391 66084 2961 152848
44250 78849 1907 195115
50662 45207 138 196553
1783 2641 8933 164347
25529 74641 1349 145263
9945 42150 1619 183885
33431 4 2034 70540
2901 30676 9874 120862
24178 3 192 199163
34217 56399 143 121986
48475 15040 8579 169685
70335 2 110 197667
41822 14462 65443 156416
41822 14462 79 176091
35116 6310 7652 139545
41142 1 1775 188766
49924 65764 190 196767
