98 108 10723 13156
1757 181 9929 11162
560 272 3815 7420
1048 402 3418 12605
743 1231 4139 13315
226 73 6117 12604
1489 335 11379 11779
725 748 1952 10833
1662 567 1859 6242
748 195 7179 13513
1786 1439 1620 10314
1020 381 2746 5148
652 170 2573 9875
321 969 6316 12594
885 1055 5817 6677
652 1091 10764 11588
1367 1137 8754 8924
699 1332 2996 7149
912 1493 3381 3461
1403 553 4989 5573
1633 1817 8641 10700
1204 1825 894 5414
698 603 2724 5985
540 1339 11306 11949
1388 137 7576 12084
1679 1557 10002 11949
1594 628 6739 7287
1363 553 5927 10330
1378 1874 3482 4886
1616 1786 529 8565
736 47 609 7579
555 1562 763 2938
473 1545 5147 12804
207 1524 2881 12348
1280 823 9284 10095
277 676 7263 13189
591 501 1172 4069
1038 927 4050 10007
142 375 4107 7490
25 1770 1706 2283
782 263 1413 1592
655 484 6007 8997
965 1479 2214 9731
1022 53 3102 3505
440 1170 7923 13637
1443 706 3965 8808
1183 741 12361 12703
1703 934 4400 12182
197 1889 2421 3989
1008 426 2323 2545
595 1745 9062 9217
1573 1670 4998 8819
801 444 8706 10393
882 1774 2576 5149
1198 1109 6767 8864
1011 810 11915 12231
634 1470 6776 11413
1409 60 4063 8803
949 555 3134 10224
1261 1086 9479 12927
499 1861 8751 13657
845 308 4335 5471
1764 1395 2499 6937
359 1751 256 6780
1360 1413 4564 10091
929 1022 4658 8688
872 1131 1665 5488
990 1108 6595 12333
1543 1148 6760 12386
197 393 3987 12427
183 1118 7844 12546
762 1527 2271 13187
1093 1714 5105 11436
1654 364 682 12418
1496 992 8832 8890
913 20 1516 3647
1076 408 5873 7561
631 1312 10315 11073
548 1416 5251 6864
841 766 7419 10793
1876 464 2648 10402
710 1555 2545 11389
1597 1045 4009 10009
296 1373 13409 13641
1108 302 8892 8985
129 333 6499 10104
737 968 9826 9849
1850 393 6385 10620
130 633 1251 11002
1317 370 5475 12421
1026 1217 9510 9750
173 947 9790 11280
1291 321 5823 9869
792 488 7214 13115
1527 1188 12787 13668
1399 1242 2956 6563
1019 945 1343 4331
1506 783 4147 8031
732 747 1711 12946
283 303 4239 9249
1895 199 4466 5085
1871 1460 837 3005
1166 743 186 3019
370 912 8467 8998
365 1302 26 13386
1219 1429 2943 11385
1290 1749 2286 8818
874 1862 1702 8889
16 246 9878 11194
298 764 1512 13069
379 1402 540 1046
236 1090 5327 5644
379 1766 474 12275
429 1042 4876 11336
534 1863 1072 11912
1538 1002 10346 13084
325 1068 3428 10485
1823 329 283 5493
532 1680 4659 13345
547 879 381 9125
987 1409 4998 8883
1526 757 3015 4908
1766 1864 1174 4844
810 1580 3545 9538
167 668 1181 12435
1078 1266 266 10144
795 1631 1554 4291
1830 1438 1069 2030
391 329 1476 13360
919 1276 3129 7891
392 1047 2809 7807
712 1034 3310 3841
22 192 124 455
231 1130 878 7348
1486 1585 2289 9495
591 809 2736 10043
380 1093 7558 13150
1731 1209 2358 7626
439 1860 3121 4705
93 987 260 5383
607 1509 10414 12328
405 121 6864 10576
829 256 4021 9340
1654 1418 1996 13321
1299 357 3774 10454
331 1634 5731 5855
1646 991 4436 11517
428 1755 6803 13299
1085 183 5277 6129
1497 321 5472 10581
126 1394 1836 7064
1819 397 456 6965
1606 1367 7916 13320
114 65 3213 5004
268 94 5680 10553
874 1132 4153 8371
900 1557 9394 13696
1462 1787 5650 13221
908 1625 5610 9748
1639 1075 1568 3675
422 736 8020 10515
1552 807 5825 6804
1142 1261 7035 11385
1692 1587 6733 8651
313 430 6409 12185
443 1199 2819 4616
239 255 123 7058
1612 1082 5359 12454
1001 716 4091 5330
610 1640 1389 12492
655 1138 8996 11702
551 1711 8673 11433
1122 294 2581 5607
609 537 8899 10327
1093 52 1265 1699
594 29 2610 8812
742 373 3477 6959
1516 1496 10409 12457
20 1863 770 1071
1582 115 3874 7503
332 1147 6750 11999
298 1277 5308 8077
411 1753 3217 12784
290 1033 2262 4346
1437 1159 4927 7331
88 226 3685 11928
1582 1612 1106 3690
1506 1225 1332 4774
1394 1431 1029 5707
882 1346 8814 10702
403 1701 4832 5974
1466 1587 4740 6507
332 738 2913 8375
1784 712 9077 10255
683 879 3494 6971
136 365 6353 9420
1697 206 9535 12656
1806 1195 2461 12302
1346 115 3998 4963
338 1828 3739 5762
